// OPERATOR 
OPERATOR_PRIVATE_KEY=302e020100300506032b65700422042024a4169b7d5ba0e3a809ab0403cb891a0c81ad68dde232efa3fcdb3c38025cb7
OPERATOR_ACCOUNT_ID=0.0.4002929

// RECEIVER
RECEIVER_PRIVATE_KEY=302e020100300506032b657004220420da2cb7e078364d5df764887a10ff936d4645c73fb4c8da23420090f22a7bb729
RECEIVER_ACCOUNT_ID=0.0.4005168